# big numbers
[27745, 27518, 4612, 99, 29175, 5310, 38265, 99, 99, 23079, 42208, 37513, 18112, 23627, 99, 41755, 99, 99, 10797, 28407, 29146, 11707, 99, 99, 42650, 12111, 99, 36290, 32890, 10637, 1963, 99, 99, 99, 99, 33323, 99, 28120, 99, 11634, 12828, 36784, 3898, 94, 33697, 99, 39871, 28950, 99, 99, 99, 99, 99, 99, 99, 99, 19294, 19762, 15189, 33559, 18085, 41715, 99, 99, 99, 99, 99, 38143, 27856, 99, 9949, 99, 99, 2575, 99, 99, 99, 99, 99, 99, 99, 99, 6319, 28964, 99, 43587, 14981, 99, 99, 34885, 34898, 99, 99, 2467, 45751]

# big and complex tree
[-27745,27518,54612,null,79175,-55310,-38265,null,null,73079,-42208,37513,18112,-73627,null,91755,null,null,-60797,-78407,29146,11707,null,null,-42650,-12111,null,-36290,82890,60637,51963,null,null,null,null,83323,null,78120,null,-61634,-12828,36784,53898,-50094,-83697,null,-89871,-28950,null,null,null,null,null,null,null,null,-69294,-69762,65189,83559,68085,41715,null,null,null,null,null,-88143,-27856,null,9949,null,null,2575,null,null,null,null,null,null,null,null,-6319,-78964,null,-43587,-14981,null,null,84885,84898,null,null,-2467,-95751]

# need a array that only includes smaller than specific number?
# e.g. ) under 100
#        list(map(lambda x: x % 100, xs))
[45, 18, 12, 99, 75, 10, 65, 99, 99, 79, 8, 13, 12, 27, 99, 55, 99, 99, 97, 7, 46, 7, 99, 99, 50, 11, 99, 90, 90, 37, 63, 99, 99, 99, 99, 23, 99, 20, 99, 34, 28, 84, 98, 94, 97, 99, 71, 50, 99, 99, 99, 99, 99, 99, 99, 99, 94, 62, 89, 59, 85, 15, 99, 99, 99, 99, 99, 43, 56, 99, 49, 99, 99, 75, 99, 99, 99, 99, 99, 99, 99, 99, 19, 64, 99, 87, 81, 99, 99, 85, 98, 99, 99, 67, 51]
